$ANSIBLE_VAULT;1.1;AES256
37623463383362326163346264356432313439353235633733323836666361633334616331316330
3334663636613938326339306232343536623035366230660a663936393938313065363666326239
36306362373463323665636566633463366434383539326236633139623563386339383633633162
3366656334303065350a353163396164363865353766396564393165626164663963643431353161
32383537636635346361313964666230313235666465633738663636346233323332376537363734
39336638333738613065653836313364633637636561633037643862383063623239336537363438
36646363373861343030363264636266323162643965303365393463623165373334653561356338
63346266316534396136363439313338353465393338623439323462303834616463326638643762
32383064393964333762336265626136336336366431613563623838393837353166303865656531
33633234633065363537663961303966313933333866383633636261643938373864383864316437
63653862653934303364376132343761623365343563356434336562343831313064373661613338
30373266613931373165373136633431373461313630313731343636623861653065666131323737
35353864643135363933383830343935633135636461623862613163373732353139336463666261
33613166616466626637633037623738383732333237346234373636663934383636343532323766
34393233336164363563353265333664303765636631376130313636613333373631316630376339
35353035346236336562633032663039373166356332653065396131326630343138623638383935
34643337343165346662383432366634356164653562356563333561623633373134326135386231
35643533326537393562313734386462643366626336613364366332663662343937623062626163
33306331313761626133383763346437393066373237333732626562666530613235663535343235
39376530633233643734366533303834336436663233336137346533326435353835623830336537
65333538666462323165336464376139353330366463396432373236633832336561383064303335
62363262646566363435643138616565623135306630363164376130656137313132323763616332
36323132323964656561623438323666623032316435356565643936303733343334326166626666
61313732663539623563323863616230373566316464346337386131306463336335326433623964
61336334393532643936313763343761373738313731373661663434326236616435313037633765
64393932306363613933643738646561336539633133666532353361663835616531643531383333
66323131356261613265626239353934326231643865313030356262353731316661376463333338
35653934663439616364366662643932663537333661643161623430383265303736366636613038
61643236396639656665376665386365316436393437663162383338303866336462306337303962
31323839393931303331343733373262623662363230373638633131336134636263303065373238
30643838343764633762616133653334663633666536613162613338383632323039336433366666
32326465373030333732646433663533626631376536663064386165326238663039623931613732
33623739646665656333333164356536396132346366336334646365666462343765613938306164
62393766613163393662613765643164396234333861303530386464353637303362363837366238
66353033633565346135623964366639663132326436343962646662386531353664653566663630
33376537313837306163383130363736616632393364616164363635336637646463313035336430
30646139386235363236386265373030373865376636356463663635363862353234363238663763
37613133373165613734653865313134386131386639383735333336353764376539376435333364
38653533613331356463336262363630616566323732373965303432356138663661396337666335
37353437376663666431306163643139623266613061633030623435326536393831396337303965
31376564373565313130353161376439323834376634346633363630366661626365613134353662
30643263313638666464336138653237396133646431343435643561303730313863613833356338
61313337336135613131393830383864383835383033656364313764323233326338656663643430
31343263383934336635613663303839643564613738646462323633613939363764616464303232
38343462666231633864326636326134323831393137646337633334653436613939646639656433
35323766643962323164613031623563373139346665666132343266386133303035323839623865
34656439626564356465666634363735663935326565623663323437393161653366333864353034
32323432303066633238373135636135376139353334653362343362323863633733323366636466
39653262386237636639393630313335363863353263643763653635656463333235386635336533
31633734353734343534303133313037346437623130663535303636613031333931316430376464
32653939656364336339396435323566646636306566323637366163643136643635373864386334
66353334633735356530313130643430353966333339616237303439363330313265306330613935
38633763336338656465303464666131386237656461306436666461366339323661656264316230
35643138626163616633373861303562633864363636613966383531383533613234396163313932
64386264643435653437346239306238663433636266383963393765303663343161656466353962
31633234343839646639666436323062626135336237616166373739323231343031323961653538
38663739336533646235316464326662633536316539656337643263663462303134386231363933
38336566366137373233633530316238333964303561643733353437666565363664333162343634
39613966376663383962333434313161333930663434633134313030306232336238333635386266
30346335363634306339643130633734363766333265346265373332306230383331333631336130
34333832643238633735633762656565343063656137353039646265616536336438326262343462
38303763373538623333353666333264336433323464363036393063396435376134386262613337
66343363353162616538306330353232363637613435366332333230333264623036326639666461
37613732343933613763633432306536366231333739613534613661353063656263646162636161
38343064383439346662316165386536323535393862623461386161653361663735316133386234
30653064313031316164656535313230356563323131316138653837613566396236303633303665
36343332363261633762316163336330343461303566373966353330393135373635633535643766
36386233626534323361626234313663613530323831353339366236313938386539616364616333
35663335663534646363393638323464343133643062616636386163373662346639393937626663
37633232363961396138326566623033636238343338626362386639316333343665666361393365
65613463373365313736326365316161623539343437323334623861386264653432663432323564
35386535636461353162383765396361663031636262393230616661396530353465356435626436
64613239643963356531343932323363323537333466356138656235393430393634636534323737
33623434653864343363613764656461613232393065373462343332646662666139333162386537
64663238643464383765363136303261316562616430663264626236646565396438666536656462
33386563633739333966663638303764303937323034316437316136333165613765353566386430
38663534643933633562353038373433386539376239356431656539336264306564343939373062
30323736646533356137363230633862663165666335616234636636343762373061376266336266
30383761616330396232346630396439616435343132656634623862613331353232323339333731
38306138326330336366313731376239373366323932333435316439633862376432366135306264
34376430383662653133633039663863363364343139633739326663653538303262343663306237
3565343166653664303162373366616661613633373464643633
