$ANSIBLE_VAULT;1.1;AES256
36343237626533383262313561613235323236316466373261356364393235373232633666373762
3236633133303963346437396636363266386633313463310a626131396466373835653533356333
61323139393536633161653731363065303639346261353732326133333765636561636465393636
6166383633616236320a306232653861386630373366653865633663656438343665643237666533
65346232646234363131303639393732636133353262616162373235383239616137626432613032
66326334366364656236373631653763343738656165633732313237313564383933326335373531
63373235333533656638313732613938633365376430653733396461373337303866666537333136
35633563613961663232383033303534366139636232633133353664353231303136643932653431
38356666653732313137343938643234333531653232366536376630643465313063666137383831
63386563306236396164303230623034613330316361396533643462633262326335353431313235
33336136396137646161386165663066323336643266353762343834333862383461613962323430
32323039376466613437316533666365363739363339343539646663636464626661396533656366
66366164663135333363326530616531623631363836666432636563343663303063303431633362
38316134353264333134613635303933366161643436356333663838613661323739363361343737
39643862306263333930343962636632356131396233353431653861373236366663323135643538
37323535646664663233633665303164323065336366656637616266333436376234636137313461
36616562303434626465663266646133663035393437366634396134636238663032383337353163
38613731616535616362343236643762383661663966363636663761386533316334316661366133
35663462353633363961303333336366666664643662643230643230653664666538386239336664
33653330623363303932666334326333326366613639633864333364646361613139393834356638
66306164613932613632393833336239336461363063376438336634336534366131363865306663
34323962363165353838653137326261636235326632653431363133393135353365336334623837
63316263396637653231626337383431663734333632356430323762663331383931613234633332
37313936313331316536376632656637633061633963383861613564343164626166373631653436
35316564383037643763353863623136323264316461616362373637373532623264663964316638
38363935646166383532343737616162336364366334626663643830323538303630663730633030
34353634383561363733316234326633313331636338646537353930666364616361346566643436
62343133643339373364643238353737663239656661663766636430396231643738313966356534
39336438323634633439623735313630636639626462616237313939663132616666353564623338
39376631633463636636343730623763316630656231653266346632376630363931613037633162
64336666333861383237613838303834313330613861366463646536343862616436393532323766
61326432383631356236643731616334333165316136633235386331353133386533643332396566
30626531336562303465366663353438393566343035326239366663313537323435383333376561
38386238373665326566646331313061393236663430393766643537376131386463363465643636
66636463323830666662643762373734643764346238366231643365346237303730346164653139
30346638303362626133353262646639333063643863626331636262326564336538353065333865
38613839643761386638653137333931666663373562613931326433616239656234393030383164
61636534666632383866663965303766393230316234373534363063633762626536376639376136
34646361336338343030383932376562363234303135326532333931663630616434326462646261
63626432393333626364633535313965623939326635663237373930326564623066626365363862
63333736313161646661646461336531306366643632303832653138313933306434396565353235
64323165666335386162386533636563613062336537303636653161656336346239333166373264
63633364643937653539313433336438663531656662313462323562323163346134393838663436
39646230353765636366333061386434643261326237666165323535386465636232623665306632
30653933636338633763336636373536393566343463363864343930393230356138623033333262
62366166313063366432306664366632376539343963613032343831633234373162393530356437
34396135393537376630396134303565376430656561323035303563656130646437656264343531
64633231343834393430636165333466323461323537353361643365653564623036636130393965
63653733636332643564396363303662313563623362623336623238313362636539353736313764
66336536343933646266313064653235613436383264326131386135396365373666633535343263
61613531633738383038313963336335336262656661653039663830373561396139396136623337
66613362353063343439366437333162383334313234313239316338313936653065386162633865
64616336626533646665323965656238386338336464653466383366623331343431663130323662
61303339646364633261303262656365393430306435323835353938323535303437373531346365
66333366616461393038643736653634623866353164393062353032386565323032653465313233
31356165613431653638386663623063323165666230303562386330633133333239393332363366
37316632303565353766376633393461653733646639393930666562323262333039393931366436
61353861316662303539323964633764303335663036323566366163373630336561356364323636
62656466633430333862626233623630353735626232393933393662333936373933336438386164
66663436313436363036636436646432323737373634353831353739383663653736663666366566
32636430383731363165323939313762306638373534623435666438376134333432373039303038
66336164663666373063613131323934323730353166353461316132306332333361663136313566
373665623135363965313035353565616630
